wis.area0 = 0.041;  %m2
wis.area1 = 0.1853; %m2
wis.area2 = 0.1187; %m2
wis.area3 = 0.2279; %m2

wis.delays = [1.3, 0.7, 1.5];
